time,x,y,z,phi,theta,psi,x_velocity,y_velocity,z_velocity,phi_velocity,theta_velocity,psi_velocity,rotor_speed1,rotor_speed2,rotor_speed3,rotor_speed4
0.06,8.56416132875e-08,-7.71794487664e-08,10.0042081515,6.28306134213,6.28290601882,0.0,1.55905484463e-05,-8.87834597901e-06,0.140264051552,-0.00655684073574,-0.0161341650582,0.0,451.1444577735958,449.84016546130283,448.75860970775733,448.2262008719395
0.12000000000000001,1.42138550296e-05,-6.25664766334e-06,10.0235752828,6.28229360742,6.28185523253,0.0,0.000597674151903,-0.000272753824602,0.50521794518,-0.029758741154,-0.0204242020487,0.0,515.0344255083755,514.7310846330745,514.3273989694486,512.6818998019755
0.18,8.6386970855e-05,-5.13446127892e-05,10.0596643881,6.2803902537,6.28079103024,0.0,0.00193984025342,-0.00144307571739,0.697653633517,-0.0359710281284,-0.0128412153151,0.0,465.1007374105396,465.6942471146967,466.0471154564509,465.5610573817014
0.23999999999999996,0.000261546285453,-0.000212989681471,10.1073665893,6.27824997048,6.28060524382,0.0,0.00394823448962,-0.00419401046066,0.892286846397,-0.0350788703142,0.0114689887164,0.0,465.2440347169353,467.1433328930208,466.7429732629057,466.812091162314
0.3,0.000551808053509,-0.000579824052418,10.164965262,6.27560594059,6.28107244443,0.0,0.00566358430888,-0.00827284693485,1.02755551189,-0.075965254435,-0.000840961125242,0.0,449.01942462479553,448.01969138591505,450.6870331021489,447.36903364533805
0.36000000000000004,0.000942088442692,-0.00127542700374,10.2326909789,6.27152040225,6.28083306522,0.0,0.00736127356916,-0.0154144799182,1.22976820569,-0.055756659512,-0.0111778674041,0.0,469.7187009082432,468.91655607623545,468.47106560066527,470.03622088463993
0.4200000000000001,0.00144422238861,-0.00250940734462,10.3139802288,6.26815763233,6.28117412515,0.0,0.00938109579448,-0.0261310981584,1.47957881297,-0.0566313188678,0.0271609154786,0.0,482.4867109777621,485.3722582113791,483.3025509697669,483.23477241926287
0.48000000000000015,0.00203882295913,-0.00437180643862,10.4039042891,6.26468467262,1.61340519611e-05,0.0,0.0102666756838,-0.0362669917658,1.5178345516,-0.0605095819051,0.0445281055428,0.0,418.9543664397897,420.46206613319947,418.635291603967,418.29516904288874
0.5400000000000001,0.00264579244202,-0.00688876370843,10.4951122304,6.2613791906,0.00255018530564,0.0,0.00973645439042,-0.0479347022871,1.52241756592,-0.0460107073167,0.0372002839987,0.0,408.8733999281896,408.22122444225033,406.58688305403354,407.8812672893011
0.6000000000000002,0.00316506349028,-0.0102543866041,10.5907274583,6.25831720353,0.00450933227973,0.0,0.00734407011874,-0.0645606452901,1.66455211001,-0.0636733270035,0.0215062643608,0.0,453.1656452286442,451.9028370327366,452.9650879011089,451.54085980725165
0.6600000000000003,0.00347768765966,-0.0148178698706,10.6999184489,6.25468216752,0.00562499145925,0.0,0.00291789179694,-0.0880383844157,1.97465067457,-0.0550302147275,0.0120210872905,0.0,501.4952079913166,500.8057294342127,502.1476594761265,502.7720364144335
0.7200000000000003,0.00352786016231,-0.0207318035378,10.8224354035,6.25161702411,0.00613036931675,0.0,-0.00131106804429,-0.109425703241,2.10899792132,-0.0441803727046,2.79046040601e-05,0.0,452.07503562709184,451.1075771217898,451.0044594202199,451.8782216182986
0.7800000000000004,0.00328010725618,-0.0281804461287,10.9588825787,6.24838946722,0.00613309045927,0.0,-0.00694369347982,-0.139215227802,2.43858474088,-0.0922948784684,8.02286588345e-05,0.0,508.2386614762603,508.2424103769506,510.8172175987112,507.37250927717236
0.8400000000000004,0.0027515786088,-0.0371869176799,11.1057762516,6.24298027486,0.00608691801594,0.0,-0.0106718381463,-0.161491656033,2.4578093227,-0.0861839729586,-0.00252581696088,0.0,417.0744632337154,416.8468132471214,415.9340485140391,416.4614542432859
0.9000000000000005,0.00200067818264,-0.0476269410809,11.2538056754,6.23781443335,0.00606972308435,0.0,-0.0143506168978,-0.186972564775,2.47644198571,-0.0859248070246,0.00385313144607,0.0,416.73741845458477,417.29462536172645,416.01981211443996,416.0358363828058
0.9600000000000005,0.000976431989548,-0.0600773375683,11.4113067203,6.23225777043,0.00670919806734,0.0,-0.019847315142,-0.228704385669,2.77288429166,-0.111363841829,0.0216332251777,0.0,501.19374024079127,502.4841741583257,501.3079648635459,499.44959616349024
1.0200000000000005,-0.000347153027768,-0.0747936812937,11.5790644209,6.22602650818,0.00824786120084,0.0,-0.0244058207975,-0.26243859136,2.81888767587,-0.0919780847596,0.0326536337077,0.0,426.7927511688316,427.73246031049655,426.53600728573116,428.17827862186886
1.0800000000000005,-0.00198472808536,-0.0917107699093,11.7506331335,6.22010158903,0.0100289367585,0.0,-0.0303647550649,-0.302014662756,2.89982510301,-0.117856796597,0.0229654345742,0.0,438.80875964944204,438.0040566960323,440.4767841053616,438.3224785054137
1.1400000000000006,-0.00401323566576,-0.11112544053,11.9270189644,6.21270353591,0.0110768058656,0.0,-0.0373734798368,-0.345840789236,2.97944038034,-0.137338734809,0.00321146840409,0.0,440.5473389708435,438.9108728538324,439.13710683420777,437.50373010906077
1.2000000000000006,-0.00646613249638,-0.133239541117,12.1070204364,6.20422944389,0.0112442729944,0.0,-0.0444052796928,-0.392066221762,3.02043154281,-0.150449252622,0.00193682455256,0.0,427.7619962145937,427.6533800042317,427.1479032528348,426.0087019810996
1.2600000000000007,-0.00935449724802,-0.158365962972,12.2904078109,6.19519039726,0.010959885154,0.0,-0.0518682676054,-0.446349084845,3.09220069386,-0.151056391681,-0.0234748560146,0.0,438.3444216224334,436.22759933632443,437.7656299328479,437.6933676240849
1.3200000000000007,-0.0126844408406,-0.186970706898,12.4785604505,6.18674576832,0.00952568932566,0.0,-0.0589843854823,-0.507991569269,3.17921784576,-0.125557141051,-0.0247740407806,0.0,442.733029727747,442.6260515510023,442.22175567128056,444.2982516543129
1.3800000000000008,-0.0164262171371,-0.219592953161,12.6734693957,6.17891130228,0.00779982389136,0.0,-0.0655657569965,-0.580202609564,3.31725078999,-0.143186232788,-0.0382590904113,0.0,461.1180677407205,460.05130510203327,459.1718805932379,457.75584358036485
1.4400000000000008,-0.0205151923253,-0.256623285678,12.8756989353,6.1702108817,0.00578339996423,0.0,-0.0705094020402,-0.654997828802,3.42329753828,-0.148917727353,-0.025633218749,0.0,450.3483000497336,451.3679617511479,450.8326210570695,450.3498876215974
1.5000000000000009,-0.0248844071032,-0.298802084747,13.0884217287,6.16076204869,0.00445043688054,0.0,-0.0749498740186,-0.751992420803,3.66654105949,-0.186084348647,-0.01613426683,0.0,492.5968199916576,493.2987883840018,493.4576062372794,490.68409794342216
1.560000000000001,-0.0294774793614,-0.346692442814,13.3128704966,6.1498216795,0.00402817585962,0.0,-0.0780787406809,-0.845494131002,3.81439907608,-0.175750269802,0.00678019512295,0.0,465.84479631246614,467.63333073608334,465.6922626033638,466.46936407908123
1.620000000000001,-0.0342515516329,-0.400360193963,13.5456243788,6.13949057635,0.00436421872486,0.0,-0.0810949274704,-0.944476653031,3.94341417028,-0.165876537639,0.00313064721072,0.0,462.1742558877932,461.8864092238086,461.81258150194407,462.56349118058625
1.680000000000001,-0.0392034399208,-0.459853210335,13.7838083848,6.13035597,0.00399929922597,0.0,-0.0839733990651,-1.03949285985,3.99567482553,-0.133656226962,-0.0400322586137,0.0,440.87501883030916,437.2938768515457,438.4565268531445,441.1024250404667
1.740000000000001,-0.0443190350958,-0.52554198373,14.027182838,6.12182468225,0.00107172282857,0.0,-0.0862752136238,-1.15092145781,4.11616929886,-0.17058939909,-0.0788822077194,0.0,463.6939868067043,460.62983937374474,462.59047083434564,459.6534761305305
1.8000000000000012,-0.049500063774,-0.598122726545,14.2778414948,6.11190412625,6.27947849596,0.0,-0.0859190710944,-1.269417149,4.23840417699,-0.156513161482,-0.0812063491796,0.0,463.9883973604375,463.8010815093229,462.6714503062011,463.7534095155199
1.8600000000000012,-0.0545549540624,-0.678078077176,14.5361071501,6.10215515385,6.27496560967,0.0,-0.0820753291846,-1.39668434587,4.36966794842,-0.178391106185,-0.0653365190461,0.0,466.48256574426927,467.7160321671977,469.3337584504653,467.60833936687493
1.9200000000000013,-0.0593162214011,-0.765254921788,14.7987885106,6.09123772716,6.27206516703,0.0,-0.0763360254855,-1.51016002819,4.3860211985,-0.190248671925,-0.0267600023056,0.0,430.8245060118719,434.07234289350373,434.47156342454497,433.44303538936555
1.9800000000000013,-0.0636596622501,-0.859892514934,15.0647003814,6.0804200941,6.27060103228,0.0,-0.0682939908277,-1.64545952867,4.47699218537,-0.16550967578,-0.0200612292211,0.0,458.1231094987886,458.6554281424671,456.4201475897111,458.3595155537274
2.0400000000000014,-0.067443413782,-0.963634107475,15.3397209134,6.07046655071,6.2695784599,0.0,-0.0577103453261,-1.81357879278,4.68907935766,-0.16666793354,-0.0116026821833,0.0,495.2442023925996,495.8661294384535,495.8035248893017,495.69524503625325
2.1000000000000014,-0.0706286147043,-1.0767827364,15.6231779355,6.06111022748,6.26884561049,0.0,-0.048397969082,-1.95890434101,4.75881652207,-0.140298114862,-0.0134660227937,0.0,455.55113145595294,455.4022171025512,454.2229727153771,456.3101208660065
2.1600000000000015,-0.0732064596955,-1.19934504281,15.9130150708,6.05261628166,6.26780581403,0.0,-0.0374410258628,-2.12726728453,4.90139481733,-0.144226622294,-0.0264654739251,0.0,479.9357339544239,478.9480282189713,479.00086068811964,478.68488205241255
2.2200000000000015,-0.0751758811493,-1.33109331435,16.2066687079,6.04404456698,6.26581471934,0.0,-0.0280565857943,-2.2650805363,4.8867565129,-0.140266313105,-0.0520931889867,0.0,432.76004124338635,430.5964893748307,431.4396184771917,431.75421511948093
2.2800000000000016,-0.0764975578619,-1.47185284235,16.5018025719,6.0354493773,6.26249993731,0.0,-0.0156893163203,-2.42764121874,4.95032271638,-0.150010387254,-0.0624425444231,0.0,459.1046201574957,458.2806247430078,457.0994469956717,456.30351522526905
2.3400000000000016,-0.0771360052948,-1.62106777459,16.7949063511,6.02632192614,6.25865363938,0.0,-0.00531762011053,-2.54694886005,4.82001834141,-0.156721408965,-0.0676544894625,0.0,393.73342043388504,393.2472320743069,393.7628438877397,393.1162263704245
2.4000000000000017,-0.0769973602393,-1.77858208044,17.0839591177,6.01756548726,6.25456444431,0.0,0.0102976697151,-2.70430076688,4.81463115533,-0.130243235287,-0.0691693784067,0.0,436.7664693302677,436.63649890377206,435.5119468744856,437.7004323709952
2.4600000000000017,-0.0757217831838,-1.94682699356,17.3767749085,6.01001820145,6.25061754154,0.0,0.0326410075959,-2.90450019008,4.94477245891,-0.118112426609,-0.0597489895424,0.0,479.5621954961516,480.27443618207843,480.70785383464573,481.61317564350173
2.520000000000002,-0.0732474411444,-2.12539777365,17.6707472481,6.00322703182,6.24727553317,0.0,0.0501083851674,-3.04848887815,4.85430302017,-0.104815280152,-0.0486348505103,0.0,410.4922703529485,411.4751311217722,410.15770390701255,411.32452690310595
2.580000000000002,-0.0694719738392,-2.31426598611,17.9646025385,5.99681597609,6.24442534098,0.0,0.0760144158314,-3.24763041251,4.93995771666,-0.111265224274,-0.0453315586196,0.0,469.6101956873057,469.86516515708706,469.14673371633313,468.6361902876078
2.640000000000002,-0.0640388179953,-2.51554750317,18.2646263559,5.99081696084,6.24192153598,0.0,0.105339395745,-3.46223291578,5.05969843577,-0.083746065965,-0.0353579096373,0.0,481.4987980439779,482.25205482115354,480.5386490734029,482.61233994341
2.700000000000002,-0.0569073679224,-2.72904976648,18.5691520934,5.98554154141,6.23959709719,0.0,0.132568030521,-3.65494029722,5.09050037842,-0.0979546316499,-0.0465476559659,0.0,457.63800241612864,456.7455700776224,455.90150973863314,454.7582771979431
2.760000000000002,-0.048143669077,-2.9539088293,18.8744212043,5.97962810698,6.2368186736,0.0,0.159793608285,-3.84088419022,5.084618942,-0.0997895557192,-0.0458303082502,0.0,445.75337359229223,445.81074398409396,445.897169579213,445.73890252367687
2.820000000000002,-0.0376226586399,-3.19051821206,19.180780942,5.97385602258,6.23432559087,0.0,0.19113469184,-4.04657929628,5.12655889919,-0.0898529674013,-0.0341354321534,0.0,462.2682646073651,463.1882031898444,461.79371022128635,462.569452090669
2.880000000000002,-0.0249737561475,-3.44084062907,19.4934746337,5.96800818294,6.23200149032,0.0,0.230683949222,-4.29783648798,5.29500080289,-0.120493719745,-0.0500393001708,0.0,503.00162615516876,501.8477637457887,504.3038872480829,502.07795511465093
2.940000000000002,-0.0101639911536,-3.70477229569,19.8112283189,5.96032164479,6.22927156371,0.0,0.263214234156,-4.50051569155,5.29606199686,-0.151148619324,-0.0376909867594,0.0,454.53870752632815,455.5262538923923,455.05315791095273,452.5766457110456
3.000000000000002,0.0067662589258,-3.98173441259,20.1310712999,5.95207688904,6.22680245611,0.0,0.301319909503,-4.73222798884,5.36413701343,-0.118725803751,-0.0491692544995,0.0,478.3575779880803,477.4817332781085,475.69156008955594,478.15158911683375
3.0600000000000023,0.025854238863,-4.27173739094,20.451896238,5.94531476543,6.22386840324,0.0,0.335185268286,-4.93516203229,5.32944905385,-0.102782547492,-0.0483696448068,0.0,446.41892593131263,446.482719746622,446.73952514478657,448.0266019335466
3.1200000000000023,0.0472245849343,-4.57516494614,20.7737181159,5.93908601149,6.22139952527,0.0,0.377376654519,-5.17954575312,5.39672438776,-0.105954709921,-0.029633434541,0.0,480.26574378358237,481.68421101841346,481.0732941915083,480.8244918888719
3.1800000000000024,0.0710484707542,-4.89273002583,21.0976066837,5.93239704668,6.21964953191,0.0,0.416880436762,-5.40651058789,5.39868951606,-0.125813114683,-0.0282489231497,0.0,463.51337407111026,463.6219835878631,462.9664278866799,461.3901410656012
3.2400000000000024,0.0971029787301,-5.22314723397,21.4190254898,5.92494047772,6.21864049498,0.0,0.451699987533,-5.60812078065,5.31486344878,-0.121369756306,-0.000412589939296,0.0,434.7233481520641,437.0502342603405,436.4523819028466,436.8088418986153
3.3000000000000025,0.125314156431,-5.56611809773,21.7361580552,5.9175991264,6.21810624443,0.0,0.488667408239,-5.82493162387,5.25562521081,-0.124402693183,-0.0371084567657,0.0,446.9836857163816,443.98230201806587,445.8499321593569,445.5884908386023
3.3600000000000025,0.15619135686,-5.92462103984,22.0558113181,5.90986263012,6.2156276934,0.0,0.540734548495,-6.12561038575,5.39746748618,-0.140048343165,-0.0514133125914,0.0,511.08042691703474,510.0589133374662,510.89241399182396,509.76237431226565
3.4200000000000026,0.189667307145,-6.29823231015,22.3758680847,5.90139864529,6.21287497659,0.0,0.575350611517,-6.3289352505,5.27077762351,-0.143181947376,-0.0366328988169,0.0,427.0091905345806,428.2672028369006,428.8776621511059,428.59202002913264
3.4800000000000026,0.22513896425,-6.68357366896,22.6866692736,5.89258005513,6.21029058626,0.0,0.607220208066,-6.51670380566,5.08926030015,-0.155903965956,-0.0608264679477,0.0,409.553958572661,407.3943344408936,410.28149955726803,409.12760801381006
3.5400000000000027,0.263244949125,-7.08389092465,22.9950792556,5.88364687106,6.20659958594,0.0,0.663269479266,-6.82778101049,5.18901670486,-0.137644645994,-0.0629334494029,0.0,503.2462633299296,503.09146877363196,502.9020544224407,504.20500194449977
3.6000000000000028,0.304289358041,-7.50054427548,23.3033121357,5.87574488159,6.2025782956,0.0,0.705168707638,-7.06145677193,5.08477413827,-0.121890006688,-0.076793841958,0.0,442.70347809507297,441.55772228120463,440.37626565852054,441.6616660394384
3.660000000000003,0.347807074581,-7.93086872297,23.6039906828,5.86867617022,6.19794415625,0.0,0.745764693797,-7.28352249172,4.93749285487,-0.110705221892,-0.0781337108495,0.0,427.02022071061145,426.90087321877326,428.25646399119194,429.1939803054717
3.720000000000003,0.39453280103,-8.37797071696,23.9032056815,5.86238257734,6.19324764699,0.0,0.812139292391,-7.62019517617,5.03422934444,-0.0952645942231,-0.0785593834309,0.0,508.5420047664254,508.5074691348263,509.1292893128702,510.2249114637953
3.780000000000003,0.444388742417,-8.84115870321,24.1984997236,5.85659741389,6.1887235269,0.0,0.850063274475,-7.82037027066,4.80907780214,-0.0988332788332,-0.0697390058811,0.0,403.1704818734981,403.9617860075028,405.8919635451415,405.56253222110456
3.840000000000003,0.497006854085,-9.31838016675,24.4843198154,5.85040556903,6.18442444918,0.0,0.904184818631,-8.08770595554,4.71739097317,-0.113778824993,-0.0757775514867,0.0,453.2668921995108,452.77733579638345,453.0561710057313,451.84334286673237
3.900000000000003,0.552554513965,-9.8101771057,24.7609855254,5.84413976589,6.17976060591,0.0,0.947738843657,-8.30651342002,4.50470923703,-0.0903285208586,-0.0819523012469,0.0,411.40480937233826,410.8521603551697,410.31819424459576,412.3846917470178
3.960000000000003,0.611163097893,-10.3168395783,25.028139552,5.83862131232,6.17506030457,0.0,1.0062316232,-8.58295509209,4.39955111028,-0.0954846944196,-0.071948476667,0.0,449.56620512694997,450.371448446894,451.2763574691159,450.85283334363044
4.020000000000002,0.673107025261,-10.83928616,25.2868130459,5.83275246596,6.1710817149,0.0,1.05886536795,-8.83285163826,4.22245723056,-0.102931125578,-0.0569197732434,0.0,426.29861345653404,427.57774939469726,427.25394355983036,426.6097203538635
4.080000000000001,0.738142916791,-11.3764451214,25.5337960286,5.82679053221,6.16740871876,0.0,1.10925875424,-9.0734798138,4.0100356513,-0.09305286256,-0.0716021902304,0.0,415.181937849718,413.8882211522424,414.866463286196,415.72390112819966
4.14,0.806708766436,-11.9299458891,25.771418829,5.82064468336,6.16283898892,0.0,1.17657063567,-9.37730421822,3.90957765295,-0.137984519669,-0.087339887114,0.0,456.61199472676907,455.3498514633354,458.3253911414142,454.7290727926715
4.199999999999998,0.879887134868,-12.5037071629,26.0064985353,5.8124665604,6.15793761983,0.0,1.26302916075,-9.74865142173,3.92409012721,-0.133136567628,-0.072284019716,0.0,497.33274793347204,498.42986975749886,496.7260320160147,497.0664845854705
4.259999999999997,0.95762919189,-13.0974215447,26.2371914403,5.8042840541,6.15380327968,0.0,1.32864184449,-10.0428089712,3.76458188479,-0.143789980981,-0.0628879589877,0.0,443.3968225602743,444.16470420053406,444.03940791387964,443.14695012859147
4.319999999999996,1.03941768584,-13.7091944594,26.4584844864,5.79592535598,6.14984030723,0.0,1.39786792423,-10.3506049536,3.61057734886,-0.13160216359,-0.0732669639016,0.0,449.5827701331391,448.7375230414749,447.1961985559157,448.17023990657094
4.379999999999995,1.12568512762,-14.3405956242,26.6720852696,5.78777065806,6.14523822823,0.0,1.47796457818,-10.6969363701,3.50767763054,-0.146326224908,-0.0846442388227,0.0,470.43868460361165,469.5522522207914,469.3947147542662,468.2341043713237
4.439999999999993,1.21646156282,-14.9917542209,26.8769419241,5.77862382533,6.14061726605,0.0,1.54820514843,-11.0094288402,3.31957279434,-0.168926277332,-0.0649874439183,0.0,442.34786059159245,443.9593052184415,444.88698933196156,443.0095295096241
4.499999999999992,1.31185494622,-15.6630649543,27.0723653475,5.76844043745,6.13663296504,0.0,1.63173977256,-11.3685267826,3.19248918796,-0.171364059649,-0.0694010375038,0.0,469.3209108173449,468.97507451005333,468.38217642654115,468.16647744058514
4.559999999999991,1.41184181688,-16.3546041844,27.2570900829,5.75770025205,6.13246837428,0.0,1.70137802755,-11.683979411,2.96361337914,-0.202145743579,-0.0694274597141,0.0,435.9775436941543,435.9715792458341,439.16719626732265,436.5729330219496
4.6199999999999894,1.51566509199,-17.0640450137,27.425605306,5.74571657757,6.12857566243,0.0,1.75963218786,-11.9654587319,2.65257120476,-0.195291490946,-0.057059474536,0.0,408.13774662722153,409.23702181645285,408.5874403359753,409.1554290899074
4.679999999999988,1.62358264579,-17.792484446,27.5782936663,5.7338220384,6.12524190436,0.0,1.8377300116,-12.3170107477,2.43508444218,-0.20490308364,-0.0527265667584,0.0,448.52700926556264,448.87684122713137,447.4614228058812,446.6396522565573
4.739999999999987,1.73613652911,-18.5420242405,27.7171570902,5.72202759719,6.12195643389,0.0,1.91416348614,-12.668861546,2.19174514031,-0.183689638658,-0.0591640315913,0.0,444.5177966455929,443.98773142405986,441.41481147012274,443.12418135883155
4.799999999999986,1.85326639599,-19.3128191343,27.8408607039,5.71080237238,6.11835064601,0.0,1.9902930252,-13.0255706876,1.92979148013,-0.194921408552,-0.0620288787971,0.0,441.5521410996505,441.313062686178,441.3937298669916,440.4309864172702
4.859999999999984,1.97443080692,-20.1034594004,27.9456423832,5.69892966608,6.11536603469,0.0,2.04870014498,-13.3307105548,1.56168553707,-0.204555103717,-0.0324641868753,0.0,402.67720012061204,405.34191800845394,403.9399083998147,403.027001585039
4.919999999999983,2.10020068144,-20.9162298335,28.0333319842,5.68643667688,6.11331257097,0.0,2.14350376989,-13.7626598629,1.35827834277,-0.216767804071,-0.0379993588982,0.0,472.36069315503596,471.93307932921675,472.4060722187746,471.4229732651585
4.979999999999982,2.23167047607,-21.7552437994,28.1083676624,5.67301407315,6.11086310861,0.0,2.23869823233,-14.2054658401,1.13964405697,-0.243527928839,-0.0471742429874,0.0,474.55548417139244,473.8496580023316,475.16312947194444,473.05921112920413
5.0399999999999805,2.36788066304,-22.6179053725,28.165167296,5.65790301594,6.10809293263,0.0,2.30170128132,-14.5514111199,0.751561634004,-0.278831906244,-0.0442330375468,0.0,415.2831302589197,415.5397417410976,419.00956708630207,415.85716130985105
