episode,rewards_total
1,-3.63749952359
2,-0.762742709645
3,-3.69148027297
4,-0.934076027561
5,4.07401388048
6,-3.78527531171
7,-8.55066380106
8,-0.427908305286
9,-3.02036670022
10,5.58844268815
11,-11.89943855
12,-14.5848736108
13,-11.2984232126
14,-1.76511084688
15,4.25700974171
16,-0.889355018815
17,-3.95659335881
18,1.60843594393
19,-9.40114938404
20,-6.79295101665
21,-9.50211860489
22,-16.4040054907
23,-19.326542516
24,-13.5235164423
25,-16.9375457683
26,-0.00802721440799
27,-6.37891875216
28,2.07906016197
29,2.40218688595
30,2.12252882323
31,-10.081708977
32,-87.4010340493
33,-185.776876733
34,9.04279051512
35,9.06684364722
36,8.88716420132
37,9.02764096517
38,8.94930767565
39,8.85879025138
40,8.94152450528
41,8.76633564877
42,9.02901294331
43,9.08684446578
44,8.92486787821
45,8.98259173148
46,8.73173249133
47,8.93947043452
48,8.81427565884
49,8.97370887403
50,8.88792574696
51,9.04900025689
52,8.98545429988
53,8.85531856706
54,9.00219051651
55,8.70851670536
56,9.07707211502
57,8.94526125371
58,8.92367739331
59,9.12779993998
60,9.01073071477
61,9.01760360631
62,9.24951597081
63,9.75774160488
64,10.2106426597
65,11.6292163539
66,13.3076124474
67,10.273021938
68,9.53510508682
69,7.56303183448
70,6.85563877582
71,9.14885479606
72,21.9903099532
73,21.8758458874
74,-4.59897323692
75,-3.64795168075
76,-134.525428967
77,11.7952778914
78,8.52945824855
79,6.94170040476
80,4.83021712009
81,7.23031602187
82,10.5454387006
83,10.6121097326
84,8.83328654911
85,10.7913388458
86,9.36342844479
87,2.22407292786
88,6.79835082267
89,5.41830486017
90,3.36539834833
91,9.77708020326
92,9.01538553092
93,9.79773625254
94,8.53648388771
95,8.7241430937
96,8.7812746356
97,10.8575597517
98,10.7188830995
99,10.4851466942
100,10.540936397
101,10.5472877613
102,10.5647743082
103,10.5844726717
104,10.6450256604
105,10.6661872723
106,10.8126342407
107,10.8740940951
108,10.6728115238
109,7.96245903422
110,5.46136225267
111,8.72041138048
112,10.6524970576
113,10.5905330042
114,10.5720230561
115,10.5572969439
116,10.5454995444
117,10.5427823795
118,10.5389364641
119,10.5373127721
120,10.5364022672
121,10.5358140571
122,10.5347065999
123,10.5318517798
124,-10.8927088202
125,-11.3003018932
126,-8.31465646134
127,5.27905018522
128,1.46258614599
129,0.318600130495
130,-4.30727367992
131,-5.31707919105
132,-0.619169046444
133,-5.1877829188
134,-8.21053999029
135,5.35378250644
136,-4.32890004004
137,-7.07829415794
138,-6.79541316145
139,4.30663561614
140,5.69656694652
141,4.42562056972
142,-6.43450265863
143,3.27225033256
144,8.80425150407
145,-15.5901867911
146,-0.291512248181
147,5.43444790542
148,-16.4803445794
149,-0.764293073151
150,-5.26313267417
151,8.67222799077
152,-16.9441152575
153,-22.9778823163
154,-1.85278322254
155,-2.24848752905
156,5.41458234077
157,7.87158635847
158,-2.01126402323
159,-0.168847241071
160,6.62890510921
161,4.82828213875
162,-13.6367096632
163,-7.35594014253
164,6.42752676001
165,-4.37779950219
166,-11.8284758234
167,1.35137551091
168,9.13125853327
169,0.485578394738
170,1.96537321828
171,-1.3369751457
172,9.16408974661
173,-7.83276416177
174,2.31220512026
175,-9.26407371393
176,-0.662897302582
177,8.35691808547
178,3.74200073603
179,2.85371170256
180,-4.59818856678
181,-4.74381704792
182,8.76192625493
183,13.4664592002
184,13.518637203
185,8.32188806741
186,8.23876985505
187,5.97975490298
188,-7.16011392205
189,-44.7170178356
190,-20.6001959488
191,-33.2401086563
192,-35.0109812271
193,-19.5382057386
194,-8.46436738097
195,-19.5199278127
196,-32.083486732
197,-2.27816111047
198,-12.1680360756
199,-16.7056746568
200,-81.936183596
201,-25.2279668738
202,-27.7154955699
203,-22.688049453
204,-19.6334544836
205,-74.7858377898
206,2.51134584218
207,-65.7911598824
208,-51.8914257865
209,-93.5912923191
210,5.33024371526
211,-43.3075363197
212,-29.6244301321
213,-14.3330823466
214,-4.99106776752
215,-53.1442518659
216,8.29654190002
217,-9.29496183331
218,-5.64062337432
219,7.7515861939
220,-184.263339956
221,-183.350054337
222,-23.5730656306
223,-140.422788011
224,-29.8914254065
225,0.913468475468
226,7.74957893171
227,2.75090499806
228,-4.0306818837
229,10.296319516
230,2.57968869791
231,5.00394099049
232,10.601218577
233,-2.11898845092
234,27.2330623215
235,-7.83770992709
236,3.0606003358
237,-81.590928978
238,-39.5971432118
239,-200.727179947
240,-23.5585077998
241,-191.627574957
242,-143.210362067
243,-212.822371912
244,-59.6657624247
245,-32.6307664135
246,-149.086341468
247,-217.719560494
248,-199.732283122
249,-28.6279085552
250,-10.0880666236
251,-9.37823746945
252,-21.4605245125
253,2.07065195678
254,-137.324147759
255,-94.2262667575
256,-94.7514546555
257,-9.76028088988
258,-6.75895778696
259,-10.710072337
260,-122.63639885
261,-10.8549934485
262,-8.16404320657
263,-83.5285813286
264,-0.660147042202
265,4.81795476702
266,4.57017592955
267,-8.73224515568
268,2.50935051574
269,-14.3635016183
270,-9.66098420916
271,-29.1786530981
272,-5.7267150207
273,-13.7718610302
274,-55.7564116794
275,-6.6770971606
276,10.0558214585
277,7.09520898275
278,-13.7711238055
279,-3.70603258767
280,-3.38163527138
281,2.29049518599
282,-2.18455158535
283,-3.45767584776
284,-13.3412736735
285,-6.49404120018
286,-3.70037005624
287,1.89648409393
288,4.99873851036
289,7.34591689037
290,-9.05427489823
291,-10.1929278943
292,-2.85773967717
293,-6.10698750374
294,-15.0125102442
295,-18.0053536757
296,4.76893875072
297,-13.3734733287
298,-22.2333583519
299,-28.5964770898
300,-16.1338179215
301,-1.98646216847
302,-4.9768465905
303,-15.8533731375
304,-10.0410071422
305,0.659672584368
306,3.29794426895
307,2.25439985949
308,4.97455410282
309,2.19576555514
310,0.627427005818
311,5.83557324917
312,0.330217004531
313,-9.50298762466
314,13.0817876041
315,-3.21329403251
316,1.48895975394
317,-0.601873001808
318,3.36094378856
319,-176.191209488
320,-8.86987451756
321,-27.2464854237
322,5.89859160167
323,-4.22519221533
324,-1.75096886809
325,3.10685493582
326,-0.0154931955022
327,-6.77594182553
328,8.83915809042
329,-4.03138887776
330,0.60055729044
331,10.194398984
332,-8.67471591276
333,-8.95164951376
334,12.4505397969
335,-14.0095502867
336,-4.03506413135
337,0.587844045253
338,-60.6348177321
339,-18.7659707319
340,-115.660575831
341,-12.8115970247
342,-19.2155975966
343,-45.0596586799
344,-7.7781266617
345,-126.908661583
346,-210.720510309
347,-184.151221914
348,-156.880791162
349,-210.459036386
350,-188.888576001
351,-209.870745715
352,-168.485020839
353,-180.553953283
354,-198.183121595
355,-186.46471141
356,-121.286479391
357,-41.2812570778
358,-119.267012951
359,-112.501535559
360,-123.833685489
361,-21.2069433592
362,-66.8027897928
363,-212.60541917
364,-99.8678151572
365,-57.9149028947
366,-59.4491515648
367,-13.1959472835
368,-31.0889014784
369,-65.7958873838
370,-129.034031416
371,-29.0197407531
372,2.49724773135
373,-55.8201695973
374,-8.16234431227
375,-157.019977976
376,-140.481705379
377,-120.917145246
378,-1.03065716934
379,-86.8839848426
380,-103.082622827
381,-206.419310012
382,-191.009867678
383,-121.786480463
384,-106.10500528
385,-97.0300957229
386,-211.192176485
387,-211.567772945
388,-211.982130089
389,-147.744910418
390,-88.0058778756
391,-123.572908516
392,-30.6578590764
393,-27.6533571176
394,-27.003091894
395,-19.9161427524
396,-19.7355570782
397,-14.5355520283
398,-19.8005458097
399,-11.8610493217
400,-11.8151448612
401,-9.46033927433
402,-214.648146863
403,-211.887381971
404,-210.597670024
405,-211.758389396
406,-212.058460602
407,-211.655868796
408,-210.829783888
409,-184.840586705
410,-213.454712173
411,-206.983396879
412,-123.043345862
413,-128.499156086
414,-125.625992206
415,-191.53326243
416,-179.200596593
417,-169.924093742
418,-163.893975857
419,-121.904804961
420,-212.201311059
421,-148.914794512
422,-211.684371999
423,-211.455498555
424,-211.280030212
425,-210.805628423
426,-137.975897696
427,-98.9685819705
428,-25.8604366784
429,-26.3061677679
430,-25.1657938576
431,-29.3426084012
432,-65.280550491
433,-203.910731126
434,-210.894297204
435,-24.0795652203
436,-31.4872959605
437,-46.9767379068
438,-38.0989525234
439,-207.345797562
440,-211.427024735
441,-211.983541977
442,-7.928860112
443,-56.1694685056
444,-100.574818005
445,-179.027453614
446,-26.4008728187
447,-15.7170530956
448,-46.3058611539
449,-9.76426169253
450,-7.4903855988
451,-21.0493607109
452,-25.5438805778
453,-43.5202501928
454,-5.05292322427
455,-10.4776216438
456,-1.22467948717
457,0.228069855296
458,1.57187687685
459,-2.74446333131
460,-15.820179307
461,-17.9129797715
462,10.5137683667
463,-18.9103301018
464,-4.51755680008
465,-5.18441227491
466,-6.40758181817
467,-31.6110263228
468,-18.9685622877
469,7.36492857987
470,11.5026877448
471,9.38206985976
472,7.95576601893
473,8.82149435544
474,13.3957291888
475,13.7117334812
476,10.2161513814
477,14.5402151122
478,8.94580371343
479,8.89248278706
480,6.95102612337
481,9.64676782394
482,10.4492707626
483,13.111234749
484,12.690580742
485,13.4308945393
486,11.4095962821
487,10.9802491792
488,10.4803819005
489,9.7732019889
490,9.5338904877
491,9.7231033365
492,9.95033905109
493,9.78898533038
494,9.79182686054
495,9.92802200739
496,9.92716883642
497,10.5156827137
498,9.9872374956
499,12.940167016
500,12.2752506568
501,9.64631573293
502,9.40870610525
503,12.2187982693
504,8.54787486154
505,11.7825019958
506,8.95694628162
507,9.06731378182
508,9.24127472147
509,8.67690122498
510,8.86289202822
511,11.7040552406
512,13.2574782797
513,16.198885734
514,12.8000180444
515,8.73393244698
516,10.2764538284
517,11.4141838591
518,12.6703591168
519,15.1388250133
520,8.00020516212
521,4.26059628015
522,6.67450007353
523,6.60885186713
524,0.104887518952
525,-13.102583686
526,-6.92490830979
527,-18.4600557875
528,-12.0889475979
529,-22.5433799718
530,-19.6450231816
531,7.94280691691
532,-8.50364057845
533,-9.85953276224
534,5.32297457834
535,-3.8066101481
536,3.41869209194
537,-3.31388052568
538,4.97073660062
539,9.18214037709
540,13.3228709341
541,7.50672861657
542,12.459448368
543,-10.1043867092
544,-23.4369058805
545,2.62357154096
546,-12.0497176884
547,9.15221437753
548,-11.9299483476
549,8.06731367195
550,9.25383077498
551,3.84699876869
552,12.2818485202
553,7.84918193374
554,-4.19289753746
555,7.72814168542
556,12.317578686
557,8.94417065687
558,-6.37421822157
559,6.02723443811
560,9.10411897652
561,5.18666646323
562,-1.47453188909
563,13.3626066295
564,7.3340585876
565,12.1445081612
566,10.9308783643
567,6.63543263235
568,10.3021559648
569,4.8712392962
570,9.21203141592
571,7.89483977573
572,8.78678088034
573,6.85732946631
574,12.7168713516
575,10.8895668984
576,11.3630492624
577,9.58377478386
578,8.09512646423
579,10.9146952638
580,6.33979261253
581,8.89179551902
582,10.8724447123
583,7.5179862312
584,10.3971093397
585,7.7836251148
586,10.5981758622
587,7.59418206224
588,7.90181044692
589,11.4028622517
590,6.12414546205
591,7.40234308068
592,6.81379164035
593,8.43772979287
594,8.78731075123
595,8.04262984839
596,12.2870631345
597,7.6997114881
598,7.53394264136
599,10.5615239529
600,8.26727413659
601,6.84107319857
602,6.35696908227
603,10.5488622955
604,9.14918777594
605,8.1236564449
606,8.07449892274
607,9.12270224503
608,10.547179573
609,10.5786023586
610,10.5944713687
611,6.81932311828
612,10.5529152183
613,10.8390054906
614,7.52376636172
615,10.545441757
616,8.63667459704
617,8.48648029345
618,8.86353097208
619,10.5441705767
620,8.56965467657
621,7.88809058654
622,3.83069821325
623,11.3832932665
624,9.24819633221
625,-15.4242256435
626,10.6269366335
627,8.3915182164
628,13.0275986574
629,-172.679150449
630,-34.1710268231
631,-146.550485269
632,-11.4677751656
633,0.894583187121
634,-3.72579417434
635,-18.7001277024
636,-27.747308608
637,-5.69201057654
638,-16.4545966578
639,-10.8004376744
640,-4.81119089818
641,-1.77669417298
642,-6.6371584014
643,-9.09067346423
644,3.29393897675
645,-0.281686258374
646,1.70258999604
647,-16.9168936871
648,6.73531142399
649,-6.46543801662
650,1.15702527214
651,-6.49912866168
652,0.919153252391
653,-4.35043111877
654,-4.76925042908
655,-9.53751220895
656,-12.3015274524
657,-0.382713667718
658,-44.3660580605
659,-41.2273004613
660,-38.0296505452
661,-27.7626550193
662,-58.3233119487
663,-40.6172276065
664,-73.3570729583
665,-45.4448387982
666,-53.269658473
667,-15.903826302
668,-31.5810956928
669,-16.7428046217
670,-56.367589945
671,-22.7966313119
672,-34.7517745331
673,-12.8892083503
674,-12.9273942098
675,-10.0829664578
676,-9.61659888054
677,-28.2846071041
678,-10.4746334277
679,-29.5069074908
680,-44.4126931736
681,7.10070950051
682,-46.8214491559
683,-8.8555843839
684,-54.6633634073
685,-51.5918775785
686,-50.0060100671
687,-34.6581636447
688,-25.0077121451
689,-5.08048787633
690,-26.1917926525
691,-21.1154350078
692,-164.933116504
693,-101.393397121
694,-91.8957497783
695,-31.7641607128
696,-30.2174361013
697,-30.7910702645
698,-34.659190171
699,-16.7240434685
700,-9.88866701664
701,-8.75916689986
702,-18.7438924339
703,-165.403221154
704,-13.2009143232
705,-82.4673101749
706,-50.7568537519
707,-50.0146180808
708,-12.8928209131
709,-10.6356636985
710,-13.5232800494
711,-42.0421979885
712,-14.1011114129
713,-48.3324146462
714,-19.0824633079
715,-16.317211724
716,-44.7687277591
717,-54.014731716
718,-57.7023051742
719,-57.9881185004
720,-55.284925703
721,-23.5498560671
722,-54.4802904146
723,-15.9132100257
724,-52.0339069314
725,-19.8496146818
726,-19.2515129775
727,-12.4649818766
728,-13.9708096837
729,-46.9765842769
730,-13.2482611133
731,-14.779083614
732,-18.2650789478
733,-16.7966147596
734,-12.4383540962
735,-54.9800850144
736,-30.3362685545
737,-55.627255974
738,-13.4243025602
739,-13.6218510089
740,-15.489852577
741,-19.3388749417
742,-13.9583123551
743,-21.5681037689
744,-13.0985281533
745,-17.2089837053
746,-48.131616909
747,-55.0218452777
748,-14.9650259878
749,-19.4074678655
750,-37.0809866183
751,-33.8881673271
752,-19.8345971452
753,-52.7750221413
754,-13.6443024986
755,-14.247684153
756,-14.9520519275
757,-12.8222904601
758,-13.3058629077
759,-14.032397152
760,-13.1395942999
761,-13.2003236609
762,-12.7673555653
763,-13.5332981074
764,-13.8926030021
765,-14.3985899096
766,-13.4784171168
767,-14.1559521997
768,-13.3307990699
769,-12.7175471875
770,-13.0164469153
771,-13.7992015751
772,-15.8915846449
773,-15.9887101898
774,-15.4833621131
775,-16.2849078386
776,-15.9742712797
777,-13.8807768119
778,-14.6362666714
779,-13.9486338956
780,-13.3955507842
781,-14.878307387
782,-16.239041996
783,-16.2765683359
784,-14.9332947639
785,-13.1528135331
786,-14.8632196242
787,-13.1554464198
788,-13.7392686642
789,-12.3686922338
790,-12.8794315168
791,-12.4758060148
792,-13.8752128321
793,-14.4174505603
794,-14.6440739466
795,-13.3931140165
796,-13.5810153493
797,-12.5335006938
798,-15.8525000911
799,-15.3254693722
800,-13.5979949932
801,-13.7242911297
802,-13.5741725758
803,-13.4650143971
804,-15.4273615078
805,-13.1913550351
806,-13.4716027286
807,-12.9809595634
808,-14.1138958021
809,-13.7190950102
810,-14.6803399434
811,-15.9634396494
812,-12.9210557796
813,-16.1349257215
814,-13.6825675393
815,-14.3694438882
816,-14.9231711188
817,-13.7374332355
818,-16.1708872308
819,-56.9444671506
820,-23.2587546845
821,-14.3228742786
822,-13.1270006592
823,-13.7380633975
824,-25.1489955058
825,-54.4020569435
826,-50.1883655402
827,-1.26317213988
828,-209.637038022
829,-209.648167706
830,-209.686243803
831,-209.6239651
832,-209.645754461
833,-209.673663466
834,-197.762536475
835,-209.69724228
836,-209.685468047
837,-209.66452183
838,-209.644099895
839,-209.751404794
840,-209.714137856
841,-209.683429727
842,-209.657843676
843,-209.659692579
844,-209.621725455
845,-209.666602946
846,-206.668299845
847,-209.698511916
848,-209.619892251
849,-209.714103317
850,-209.704620623
851,-209.670368887
852,-209.682598729
853,-209.645826911
854,-209.71456157
855,-209.646954526
856,-209.742490377
857,-209.66426526
858,-209.633049486
859,-209.696167158
860,-209.638841484
861,-209.669935692
862,-209.706759367
863,-209.63578087
864,-209.660965847
865,-209.67622286
866,-209.628146978
867,-209.712892771
868,-209.675646591
869,-3.64793236815
870,-33.4945332869
871,10.995799285
872,-49.7081377234
873,-31.7637124855
874,-18.4110967136
875,-28.1975550951
876,-9.74976640446
877,-65.8599556608
878,-21.4466464251
879,-45.245026342
880,-29.6480029739
881,-87.6515019785
882,-33.412393762
883,-210.082537131
884,-209.791257824
885,-209.66796248
886,-209.597155205
887,-209.711978936
888,-144.488507562
889,-4.59210638543
890,-18.4559689258
891,-11.4943796191
892,-7.73603660857
893,-5.66779871358
894,-2.14970529339
895,-2.12385252446
896,-2.03485853309
897,-2.04956047064
898,-1.76181591066
899,-12.2684235249
900,-25.3544811643
901,-22.8005835038
902,-24.4205756916
903,-24.3838702334
904,-18.2782369278
905,-9.07370789335
906,-7.77776376054
907,-73.643424386
908,-46.9067061884
909,-39.2188284797
910,-49.7652705418
911,-160.817165207
912,17.0872240767
913,-70.0793214632
914,-94.8471728836
915,-192.106437359
916,-104.419229446
917,-209.593294201
918,-203.938776012
919,-213.157862614
920,-100.388273166
921,5.24732057683
922,-2.68290530299
923,-28.2233426817
924,-27.8670326016
925,-143.06245161
926,-209.626910937
927,-209.715728269
928,-209.772388893
929,-209.632264267
930,-209.953872573
931,-210.374562195
932,-210.023394266
933,-209.691332446
934,-209.629027351
935,-209.646714483
936,-209.732558047
937,-213.647034748
938,-2.56617277632
939,-177.042747457
940,-209.59733944
941,-209.644295181
942,-209.652721377
943,-209.646780818
944,-209.679488461
945,-209.623228189
946,-209.708144268
947,-209.689041093
948,-209.593891425
949,-209.694513569
950,-31.4501484294
951,-19.051048321
952,15.4609139134
953,-129.124316262
954,-210.152467167
955,-209.667631702
956,-209.684225003
957,-209.648614008
958,-209.705938566
959,-209.638904724
960,-119.638533775
961,-210.351755109
962,-29.9554200781
963,-36.3336871101
964,-29.4375788204
965,-39.7145723786
966,-36.4297721087
967,-49.2943436992
968,-16.6550691018
969,-36.0926838987
970,-108.994568035
971,-35.7892562083
972,-179.599672407
973,-153.414855911
974,-194.535830119
975,-5.8385111783
976,-6.18884890379
977,-6.22928080852
978,-7.48719627687
979,-14.5390380006
980,-1.8658497318
981,-50.3480092392
982,-93.0607264636
983,-19.1492469092
984,-33.7924946121
985,8.66197528345
986,3.79201553289
987,-0.668915423212
988,-4.47438706005
989,-3.29978851273
990,-5.67153370971
991,27.9306041841
992,-67.5591099978
993,-2.67186931086
994,-148.687088229
995,-10.2919558259
996,-17.6159001768
997,-8.72224154557
998,-26.7590327347
999,-16.7354046519
1000,-23.3688874834
